[gd_scene load_steps=9 format=2]

[ext_resource path="res://src/gameobjects/Bike/Bike.tscn" type="PackedScene" id=1]
[ext_resource path="res://common/ThirdPersonFollowCamera/ThirdPersonFollowCamera.tscn" type="PackedScene" id=2]
[ext_resource path="res://src/gameobjects/Floor/Floor.tscn" type="PackedScene" id=3]
[ext_resource path="res://src/prefabs/speedboost/SpeedBoost.tscn" type="PackedScene" id=4]
[ext_resource path="res://assets/textures/grid.png" type="Texture" id=5]
[ext_resource path="res://src/World.gd" type="Script" id=6]

[sub_resource type="Environment" id=1]
fog_enabled = true
fog_color = Color( 0, 0, 0, 1 )
fog_sun_color = Color( 0, 0, 0, 1 )
glow_enabled = true
glow_intensity = 2.33
glow_strength = 1.68
glow_hdr_threshold = 0.6
glow_hdr_scale = 0.91
glow_bicubic_upscale = true

[sub_resource type="SpatialMaterial" id=2]
flags_transparent = true
albedo_color = Color( 1, 0.32549, 0.701961, 1 )
albedo_texture = ExtResource( 5 )

[node name="Application" type="Node"]

[node name="World" type="Spatial" parent="."]
script = ExtResource( 6 )

[node name="WorldEnvironment" type="WorldEnvironment" parent="World"]
environment = SubResource( 1 )

[node name="FirstPlatformSpawnPosition" type="Spatial" parent="World"]
transform = Transform( 1, 0, 0, 0, 1, 0, 0, 0, 1, 0, -8.73298, -106.585 )

[node name="ThirdPersonFollowCamera" parent="World" instance=ExtResource( 2 )]
transform = Transform( 1, 0, 0, 0, 0.968427, 0.249298, 0, -0.249298, 0.968427, 0, 5.32239, 2.32778 )
__following_path = NodePath("../Bike")

[node name="Bike" parent="World" instance=ExtResource( 1 )]
transform = Transform( 1, 0, 0, 0, 1, 0, 0, 0, 1, 0, 4.2543, 6.84729 )

[node name="Camera" type="Camera" parent="World"]
transform = Transform( 1, 0, 0, 0, 0.940437, 0.339969, 0, -0.339969, 0.940437, 0, 6.00583, 9.45891 )
visible = false

[node name="Floor" parent="World" instance=ExtResource( 3 )]
transform = Transform( 30, 0, 0, 0, 1, 0, 0, 0, 70, 0.0274811, -0.536899, -53.8084 )
material/0 = SubResource( 2 )

[node name="SpeedBoost" parent="World" instance=ExtResource( 4 )]
transform = Transform( -1.09278e-07, 0, -2.5, 0, 2.5, 0, 2.5, 0, -1.09278e-07, -18.1579, 0, 1.78708 )

[node name="SpeedBoost2" parent="World" instance=ExtResource( 4 )]
transform = Transform( -1.09278e-07, 0, -2.5, 0, 2.5, 0, 2.5, 0, -1.09278e-07, 1.68281, 0, 1.78708 )

[node name="SpeedBoost3" parent="World" instance=ExtResource( 4 )]
transform = Transform( -1.09278e-07, 0, -2.5, 0, 2.5, 0, 2.5, 0, -1.09278e-07, 20.8083, 0, 1.78708 )

[node name="DirectionalLight" type="DirectionalLight" parent="World"]
transform = Transform( -2.18557e-08, 0.866025, -0.5, 3.78552e-08, 0.5, 0.866025, 1, 1.77636e-15, -4.37114e-08, -33.2285, 42.8366, 0 )
light_color = Color( 0.74902, 0.74902, 0.74902, 1 )
light_energy = 0.5
shadow_enabled = true
shadow_color = Color( 0.65098, 0.65098, 0.65098, 1 )
